11.8758
12.1821
13.1912
15.2505
19.3448
28.928
68.3413
130.374
31.3352
17.3294
11.8059
8.87998
7.0827
5.87433
5.01049
4.36471
3.86518
3.46819
3.14567
2.87882
2.65461
2.46372
2.29932
2.15632
2.03083
1.91984
1.82099
1.7324
1.65256
1.58023
1.5144
1.45423
1.39902
1.34817
1.30121
1.25768
1.21723
1.17954
1.14434
1.1114
1.08049
1.05144
1.02408
0.998276
0.973896
0.950826
0.928964
0.908218
0.888508
0.869757
0.851899
0.834872
0.818622
0.803097
0.788252
0.774043
0.760433
0.747385
0.734867
0.722848
0.711301
0.7002
0.68952
0.679239
0.669338
0.659796
0.650595
0.64172
0.633154
0.624883
0.616893
0.609171
0.601705
0.594485
0.5875
0.580738
0.574192
0.567852
0.56171
0.555759
0.54999
0.544396
0.538972
0.53371
0.528605
0.52365
0.518842
0.514174
0.509642
0.505241
0.500966
0.496815
0.492781
0.488863
0.485056
0.481356
0.477761
0.474268
0.470873
0.467573
80.2919
0.46125
0.458221
0.455277
0.452416
0.449637
0.446936
0.444312
0.441763
0.439287
0.436882
0.434547
0.432279
0.430079
0.427943
0.425871
0.423861
0.421912
0.420022
0.418192
0.416418
0.4147
0.413038
0.41143
0.409875
0.408372
0.40692
0.40552
0.404169
0.402866
0.401612
0.400406
0.399246
0.398132
0.397064
0.39604
0.395061
0.394126
0.393234
0.392385
0.391579
0.390814
0.390091
0.389409
0.388768
0.388167
0.387607
0.387086
0.386606
0.386164
0.385762
0.385398
0.385073
0.384787
0.384539
0.38433
0.384159
0.384026
0.383931
0.383874
0
0
0
0
0
0
0
0
0
0
0
0
0
0
0
0
0
0
0
0
0
0
0
0
0
0
0
0
0
0
0
0
0
0
0
0
0
0
0
0
0
0
0
0
0
0
0
0
0
0
0
0
0
0
0
0
0
0
0
0
0
0
0
0
0
0
0
0
0
0
0
0
0
0
0
0
0
0
0
0
0
0
0
0
0
0
0
0
0
0
0
0
0
0
0
0
0
0
0
0
0
0
0
0
0
0
0
0
0
0
0
0
0
0
0
0
0
0
0
0
0
0
0
0
0
0
0
0
0
0
0
0
0
0
0
0
0
0
0
0
0
0
0
0
0
0
0
0
0
0
0
0
0
0
0
0
0
0
0
0
