0
-1.01665
-2.18392
-3.73739
-6.20812
-11.3487
-31.3472
67.7632
18.0321
10.8462
7.92494
6.32187
5.29935
4.58497
4.05446
3.64291
3.31304
3.04184
2.81433
2.6203
2.45254
2.30583
2.17625
2.06083
1.95726
1.86372
1.77874
1.70115
1.62998
1.56441
1.50379
1.44754
1.39517
1.34629
1.30053
1.25759
1.21719
1.17912
1.14315
1.10911
1.07684
1.04619
1.01704
0.989267
0.962773
0.937465
0.913258
0.890074
0.867847
0.846511
0.82601
0.806291
0.787306
0.769009
0.751361
0.734323
0.71786
0.701941
0.686536
0.671616
0.657157
0.643133
0.629523
0.616306
0.603462
0.590974
0.578823
0.566995
0.555473
0.544245
0.533296
0.522614
0.512187
0.502004
0.492056
0.482331
0.47282
0.463515
0.454406
0.445487
0.436749
0.428186
0.419789
0.411554
0.403474
0.395542
0.387753
0.380102
0.372584
0.365194
0.357927
0.350778
0.343744
0.33682
0.330003
0.323288
0.316672
0.310151
0.303723
0.297384
80.2911
0.284961
0.278871
0.272859
0.266921
0.261056
0.25526
0.249532
0.243869
0.238269
0.23273
0.22725
0.221826
0.216457
0.211142
0.205877
0.200662
0.195495
0.190374
0.185297
0.180263
0.175271
0.170318
0.165404
0.160527
0.155686
0.150879
0.146104
0.141363
0.136651
0.131969
0.127316
0.122689
0.118088
0.113512
0.108959
0.10443
0.0999214
0.0954338
0.0909658
0.0865163
0.0820844
0.0776691
0.0732694
0.0688845
0.0645134
0.0601552
0.0558089
0.0514737
0.0471487
0.042833
0.0385258
0.0342262
0.0299333
0.0256461
0.0213641
0.0170863
0.0128118
0.00853982
0.00426949
6.64897e-13
-0.00426949
-0.00853982
-0.0128118
-0.0170863
-0.0213641
-0.0256461
-0.0299333
-0.0342262
-0.0385258
-0.042833
-0.0471487
-0.0514737
-0.0558089
-0.0601552
-0.0645134
-0.0688845
-0.0732694
-0.0776691
-0.0820844
-0.0865163
-0.0909658
-0.0954338
-0.0999214
-0.10443
-0.108959
-0.113512
-0.118088
-0.122689
-0.127316
-0.131969
-0.136651
-0.141363
-0.146104
-0.150879
-0.155686
-0.160527
-0.165404
-0.170318
-0.175271
-0.180263
-0.185297
-0.190374
-0.195495
-0.200662
-0.205877
-0.211142
-0.216457
-0.221826
-0.22725
-0.23273
-0.238269
-0.243869
-0.249532
-0.25526
-0.261056
-0.266921
-0.272859
-0.278871
-0.284961
-80.2911
-0.297384
-0.303723
-0.310151
-0.316672
-0.323288
-0.330003
-0.33682
-0.343744
-0.350778
-0.357927
-0.365194
-0.372584
-0.380102
-0.387753
-0.395542
-0.403474
-0.411554
-0.419789
-0.428186
-0.436749
-0.445487
-0.454406
-0.463515
-0.47282
-0.482331
-0.492056
-0.502004
-0.512187
-0.522614
-0.533296
-0.544245
-0.555473
-0.566995
-0.578823
-0.590974
-0.603462
-0.616306
-0.629523
-0.643133
-0.657157
-0.671616
-0.686536
-0.701941
-0.71786
-0.734323
-0.751361
-0.769009
-0.787306
-0.806291
-0.82601
-0.846511
-0.867847
-0.890074
-0.913258
-0.937465
-0.962773
-0.989267
-1.01704
-1.04619
-1.07684
-1.10911
-1.14315
-1.17912
-1.21719
-1.25759
-1.30053
-1.34629
-1.39517
-1.44754
-1.50379
-1.56441
-1.62998
-1.70115
-1.77874
-1.86372
-1.95726
-2.06083
-2.17625
-2.30583
-2.45254
-2.6203
-2.81433
-3.04184
-3.31304
-3.64291
-4.05446
-4.58497
-5.29935
-6.32187
-7.92494
-10.8462
-18.0321
-67.7632
31.3472
11.3487
6.20812
3.73739
2.18392
1.01665
