0
0
0
0
0
0.119953
0.173618
0.227685
0.317816
0.34686
0.350907
0.397495
0.397495
0.350907
0.34686
0.317816
0.227685
0.173618
0.119953
0
-0.0958551
-0.165972
-0.297485
-0.420535
-0.496429
-0.61948
-0.750992
-0.821109
-0.916964
-1.03692
-1.09058
-1.14465
-1.23478
-1.26382
-1.26787
-1.31446
-1.31446
-1.26787
-1.26382
-1.23478
-1.14465
-1.09058
-1.03692
-0.916964
-0.821109
-0.750992
-0.61948
-0.496429
-0.420535
-0.297485
-0.165972
-0.0958551
0
0.119953
0.173618
0.227685
0.317816
0.34686
0.350907
0.397495
0.397495
0.350907
0.34686
0.317816
0.227685
0.173618
0.119953
0
-0.0958551
-0.165972
-0.297485
-0.420535
-0.496429
-0.61948
-0.750992
-0.821109
-0.916964
-1.03692
-1.09058
-1.14465
-1.23478
-1.26382
-1.26787
-1.31446
-1.31446
-1.26787
-1.26382
-1.23478
-1.14465
-1.09058
-1.03692
-0.916964
-0.821109
-0.750992
-0.61948
-0.496429
-0.420535
-0.297485
-0.165972
-0.0958551
0
0.119953
0.173618
0.227685
0.317816
0.34686
0.350907
0.397495
0.397495
0.350907
0.34686
0.317816
0.227685
0.173618
0.119953
0
-0.0958551
-0.165972
-0.297485
-0.420535
-0.496429
-0.61948
-0.750992
-0.821109
-0.916964
-1.03692
-1.09058
-1.14465
-1.23478
-1.26382
-1.26787
-1.31446
-1.31446
-1.26787
-1.26382
-1.23478
-1.14465
-1.09058
-1.03692
-0.916964
-0.821109
-0.750992
-0.61948
-0.496429
-0.420535
-0.297485
-0.165972
-0.0958551
0
0.119953
0.173618
0.227685
0.317816
0.34686
0.350907
0.397495
0.397495
0.350907
0.34686
0.317816
0.227685
0.173618
0.119953
0
-0.0958551
-0.165972
-0.297485
-0.420535
-0.496429
-0.61948
-0.750992
-0.821109
-0.916964
-1.03692
-1.09058
-1.14465
-1.23478
-1.26382
-1.26787
-1.31446
-1.31446
-1.26787
-1.26382
-1.23478
-1.14465
-1.09058
-1.03692
-0.916964
-0.821109
-0.750992
-0.61948
-0.496429
-0.420535
-0.297485
-0.165972
-0.0958551
0
0.119953
0.173618
0.227685
0.317816
0.34686
0.350907
0.397495
0.397495
0.350907
0.34686
0.317816
0.227685
0.173618
0.119953
0
-0.0958551
-0.165972
-0.297485
-0.420535
-0.496429
-0.61948
-0.750992
-0.821109
-0.916964
-1.03692
-1.09058
-1.14465
-1.23478
-1.26382
-1.26787
-1.31446
-1.31446
-1.26787
-1.26382
-1.23478
-1.14465
-1.09058
-1.03692
-0.916964
-0.821109
-0.750992
-0.61948
-0.496429
-0.420535
-0.297485
-0.165972
-0.0958551
0
0.119953
0.173618
0.227685
0.317816
0.34686
0.350907
0.397495
0.397495
0.350907
0.34686
0.317816
0.227685
0.173618
0.119953
0
-0.0958551
-0.165972
-0.297485
-0.420535
-0.496429
-0.61948
-0.750992
-0.821109
-0.916964
-1.03692
-1.09058
-1.14465
-1.23478
-1.26382
-1.26787
-1.31446
-1.31446
-1.26787
-1.26382
-1.23478
-1.14465
-1.09058
-1.03692
-0.916964
-0.821109
-0.750992
-0.61948
-0.496429
-0.420535
-0.297485
-0.165972
-0.0958551
0
0.119953
0.173618
0.227685
0.317816
0.34686
0.350907
0.397495
0.397495
0.350907
0.34686
0.317816
0.227685
0.173618
0.119953
0
-0.0958551
-0.165972
-0.297485
-0.420535
-0.496429
-0.61948
0
0
0
0
0
0
