0.0985829
-2.205e-18
-1.29671e-17
3.15909e-18
1.90081e-17
0.0172776
-1.73984e-17
-1.27319e-17
-2.38348e-17
-3.66853e-17
-0.0485053
7.18203e-17
2.73422e-17
-4.9399e-17
-2.8379e-18
0.0326467
2.78206e-17
3.78996e-17
-3.4933e-17
-9.32853e-17
-0.0743289
2.97566e-17
8.57468e-17
5.54312e-17
6.17995e-17
-0.0251906
-6.9927e-17
1.35859e-16
4.63374e-17
6.71446e-17
0.0623677
-2.19349e-16
-1.53831e-17
1.82814e-16
2.50542e-16
-0.0665395
-4.18597e-17
-1.77132e-18
1.94042e-16
2.27146e-16
0.088721
-5.93892e-16
6.27699e-17
-2.47492e-16
-3.333e-16
-0.022441
9.89172e-17
-3.01645e-17
-3.29465e-16
-1.46932e-16
-0.0402853
-1.24995e-17
-2.30321e-16
-4.27027e-17
3.82662e-16
0.0683241
-1.34995e-16
-2.57125e-16
-4.95304e-17
-2.81447e-16
-0.0622021
7.92132e-17
8.03096e-17
-1.62563e-17
-7.43221e-18
0.0233308
2.76261e-16
-2.43986e-17
2.15279e-16
1.33294e-16
0.00808209
-3.26341e-17
1.74555e-16
-1.07192e-16
-3.31534e-16
-0.0163199
1.80574e-16
-1.3211e-16
3.52176e-17
-1.43844e-16
0.00914328
1.84085e-16
-1.94673e-16
-1.0699e-16
-1.54312e-16
-0.00204423
-3.62807e-16
2.68679e-17
-1.0082e-16
9.43906e-17
0.00364095
1.26636e-16
-5.31571e-17
1.09613e-17
8.37451e-17
-0.0149128
-1.05967e-16
-2.26731e-16
8.60007e-16
-5.87367e-18
0.0140096
2.8246e-16
4.52928e-16
1.72942e-16
3.48819e-16
-0.00933397
3.16041e-16
-4.14781e-16
-3.0834e-17
-8.31979e-17
0.00467462
-8.52432e-16
1.56953e-16
6.26886e-17
2.62694e-16
0.0018775
2.44649e-16
2.72089e-16
-2.92637e-16
1.85846e-16
-0.00125328
1.57225e-16
3.33809e-16
-4.00071e-18
-1.68152e-16
0.00564918
7.87619e-17
-6.81162e-16
8.08625e-17
2.23487e-16
-0.0124193
-3.05799e-17
-5.43312e-16
5.31514e-16
-1.11463e-16
0.0139358
-1.278e-17
-3.52054e-17
2.04616e-16
5.91987e-16
-0.00899034
-3.48238e-16
2.58791e-16
8.32152e-17
2.93067e-16
-0.000689382
3.80257e-16
1.75975e-16
-8.22188e-17
-6.86754e-17
0.00828116
9.24289e-16
2.24599e-16
-1.66383e-16
5.13698e-16
-0.0081682
7.76464e-16
1.29257e-15
-1.39418e-16
1.72818e-16
0.00332662
4.95531e-17
-1.01229e-16
-3.58485e-16
1.91799e-16
0.000502414
-8.16228e-17
-4.25141e-16
-3.94763e-16
1.63457e-17
-0.00215275
-1.25236e-16
4.5938e-17
3.85979e-16
-3.27144e-16
-0.00191753
-1.02007e-16
-7.19932e-16
2.84871e-16
8.5366e-17
0.00325497
2.15286e-16
-3.04384e-16
9.86475e-17
2.69948e-16
-0.00160781
-5.77123e-16
-1.95855e-16
8.10306e-18
7.11382e-16
0.000512557
6.03524e-16
4.11146e-16
-6.58441e-16
2.96558e-16
0.00243967
3.73861e-16
3.13374e-16
9.08506e-17
-6.71968e-17
-0.00306477
-2.83028e-16
-3.13757e-16
3.78044e-16
-2.06839e-17
0.00214432
4.17834e-16
4.59605e-16
8.36081e-16
9.92221e-17
-0.000941872
4.89036e-16
1.93433e-16
1.02366e-16
-5.31663e-16
-0.00045006
2.37313e-16
-2.63759e-17
3.03224e-17
-9.0003e-16
0.00174236
-1.14908e-16
-4.53683e-16
4.91483e-16
-1.69875e-15
-0.00255489
3.5722e-16
-1.99534e-16
3.06581e-16
3.82181e-16
0.0029532
6.11612e-17
-1.00117e-15
-4.8521e-16
-4.41549e-16
-0.00103004
6.57158e-16
-1.00157e-17
-2.24605e-16
6.34706e-16
-0.00209273
-1.45031e-16
-4.22053e-17
7.30956e-17
5.01335e-16
0.00338684
-1.59618e-16
-6.9824e-16
5.8937e-16
-1.04958e-16
-0.00492903
2.66065e-16
-2.03701e-16
-1.78517e-16
-2.94902e-16
0.00264749
9.4621e-16
-1.88834e-16
6.40917e-16
-1.68282e-17
0.00111888
1.42121e-16
-3.19517e-16
3.69966e-16
5.3311e-16
-0.0024692
-1.35985e-16
3.94281e-16
5.28641e-16
-8.35673e-16
0.00231284
-8.06968e-16
2.19741e-16
4.68621e-16
-1.10581e-16
-0.000296454
-2.59556e-16
-5.67316e-17
-2.973e-16
-5.58417e-16
-0.000567376
7.55666e-16
-6.08469e-16
-3.12852e-16
1.10172e-15
-0.000876754
-6.2898e-16
3.08392e-16
-1.01246e-15
3.16525e-16
0.00314136
-3.94534e-16
8.90686e-17
-3.4447e-16
-9.82084e-16
-0.00400024
1.49105e-16
-1.2546e-16
4.06833e-17
4.25113e-16
0.00266439
9.53385e-16
-7.28184e-17
-5.7581e-16
-1.54698e-15
0.000851413
-4.33895e-16
1.37723e-15
-1.38642e-18
1.00709e-15
-0.0028161
1.30285e-15
-5.99382e-16
-8.72314e-16
-2.517e-16
0.0032496
-3.76539e-16
5.85477e-16
6.02827e-16
4.03071e-16
-0.00422116
-8.98329e-17
1.21232e-15
-2.54683e-16
7.94715e-16
0.0032496
-1.44608e-15
6.78661e-16
-2.89124e-16
-1.34879e-15
-0.0028161
1.4987e-15
5.74322e-16
2.95518e-16
-6.97084e-16
0.000851413
2.63406e-16
7.18537e-16
6.20422e-16
3.53333e-16
0.00266439
-8.26821e-16
-3.16775e-16
-1.25106e-16
-3.41795e-17
-0.00400024
-7.04075e-16
6.17564e-16
5.70114e-17
1.37383e-16
0.00314136
1.07953e-16
-2.47749e-17
-1.33246e-15
-1.44772e-15
-0.000876754
-1.34618e-15
-2.47094e-15
4.26762e-16
7.9916e-16
-0.000567376
-1.25126e-16
6.98795e-17
-1.04404e-15
-1.16399e-15
-0.000296454
-4.89029e-16
8.39004e-16
-9.72163e-17
1.23772e-15
0.00231284
-1.19765e-15
-7.04979e-16
1.45197e-15
1.46053e-15
-0.0024692
-8.44967e-16
-5.97052e-16
1.40696e-15
1.59323e-16
0.00111888
7.40188e-16
8.02659e-16
3.37539e-16
2.28322e-16
0.00264749
8.51509e-16
1.08783e-16
-2.64924e-16
-5.03761e-16
-0.00492903
4.95613e-16
7.66036e-16
-4.70259e-16
-6.89176e-16
0.00338684
9.92786e-16
6.10338e-16
1.59647e-15
1.51569e-15
-0.00209273
-1.21811e-15
2.53852e-15
-3.71523e-16
2.84836e-16
-0.00103004
-5.61919e-16
-1.18146e-15
-5.88937e-16
7.71151e-16
0.0029532
-5.98549e-16
4.64455e-16
-6.52718e-16
9.58417e-16
-0.00255489
-8.87129e-16
-3.10215e-15
1.47201e-15
7.11304e-17
0.00174236
-8.7162e-16
-1.23569e-15
1.73329e-16
-2.15255e-16
-0.00045006
-9.89679e-16
-6.00531e-16
5.93551e-16
2.19232e-16
-0.000941872
4.10555e-16
-1.04993e-15
-1.50423e-15
-5.92468e-16
0.00214432
-1.66023e-15
6.61564e-16
1.00705e-16
-5.36635e-16
-0.00306477
-1.50098e-15
-2.70911e-16
-6.31541e-17
8.28915e-16
0.00243967
6.52564e-16
1.59519e-16
-1.01893e-15
1.58442e-15
0.000512557
5.60072e-17
-3.8699e-16
-1.35955e-15
-1.11999e-15
-0.00160781
1.17972e-16
-7.53104e-16
9.57692e-16
-1.90703e-15
0.00325497
-3.04719e-16
-4.53798e-16
5.8244e-16
1.42543e-16
-0.00191753
1.00233e-15
-8.68065e-16
-1.48553e-17
2.22301e-16
-0.00215275
-1.50746e-15
-1.56153e-15
7.8442e-18
-7.01018e-16
0.000502414
-3.76847e-16
-1.16402e-15
-5.40999e-16
-4.79267e-16
0.00332662
-4.86685e-17
6.95936e-17
2.24111e-15
2.41108e-15
-0.0081682
2.9485e-15
4.362e-16
-8.68464e-16
-6.63792e-16
0.00828116
-1.20364e-15
-4.24574e-16
-1.92954e-15
-7.86548e-17
-0.000689382
-4.57299e-16
-4.74344e-16
1.64446e-16
-1.40729e-16
-0.00899034
-1.48103e-15
-4.44778e-16
1.33294e-15
-1.47798e-16
0.0139358
-3.01112e-16
-1.31399e-15
-2.17272e-15
-2.51551e-15
-0.0124193
-8.23739e-16
-3.24713e-16
-5.71253e-17
-1.62962e-15
0.00564918
1.36275e-15
-2.38679e-15
-3.88466e-15
-2.72593e-15
-0.00125328
-1.35406e-15
1.87161e-15
1.97674e-16
2.79593e-16
0.0018775
-3.16747e-16
1.63872e-16
-2.42017e-15
-2.29371e-15
0.00467462
1.1477e-15
-3.58807e-17
-1.34194e-15
3.21982e-15
-0.00933397
2.0812e-15
-7.0591e-17
-8.44675e-17
-1.19742e-15
0.0140096
-3.75691e-16
6.03422e-16
-3.31485e-15
2.55116e-15
-0.0149128
-4.5302e-16
7.34208e-17
-1.04897e-15
5.31865e-16
0.00364095
7.84844e-16
3.87907e-16
8.36696e-16
1.88538e-15
-0.00204423
-2.24278e-15
-6.99033e-16
-3.26652e-16
-8.40505e-16
0.00914328
-7.14218e-18
-8.71883e-16
3.28324e-17
-9.34683e-16
-0.0163199
-1.50174e-15
1.71293e-15
-1.82687e-15
2.7462e-15
0.00808209
1.90173e-15
1.08377e-15
3.39632e-16
7.95241e-16
0.0233308
-1.23836e-15
1.19649e-15
-1.52705e-15
1.89695e-15
-0.0622021
-2.67712e-15
3.65545e-16
1.73693e-15
2.33416e-15
0.0683241
-1.63896e-15
-1.11858e-15
-6.78238e-16
-2.02094e-16
-0.0402853
4.0781e-15
-3.12955e-17
-1.5659e-15
2.22382e-15
-0.022441
1.72308e-15
1.91927e-15
2.30146e-15
1.20195e-16
0.088721
1.23084e-15
-1.14516e-15
-1.5956e-15
-4.04495e-15
-0.0665395
4.07716e-15
-2.81634e-15
3.2391e-15
5.60837e-16
0.0623677
-3.33241e-15
-9.94064e-17
-1.31872e-15
3.42106e-15
-0.0251906
1.31715e-15
-3.96356e-15
7.87926e-16
1.05335e-16
-0.0743289
8.0401e-16
2.66504e-15
-8.5087e-16
2.29487e-15
0.0326467
-1.87018e-15
2.33024e-15
-1.02885e-15
1.01966e-15
-0.0485053
2.55825e-15
1.22384e-15
1.48136e-15
3.85691e-15
0.0172776
2.40344e-15
4.89811e-16
-4.62618e-15
7.07639e-15
