31.5465
1.02315e-14
8.6303e-15
3.80608e-15
6.10485e-15
10.8432
7.95599e-15
4.10787e-15
8.15372e-15
1.18069e-14
20.072
2.75657e-14
2.18889e-14
1.65106e-14
7.76909e-15
15.4629
1.00041e-14
2.4445e-14
1.12956e-14
3.00088e-14
24.4484
1.46623e-14
5.06499e-14
4.66568e-14
2.16215e-14
32.846
4.18158e-14
5.34189e-14
3.72621e-14
2.74915e-14
26.4195
7.84317e-14
4.9472e-15
5.93849e-14
8.46822e-14
23.4107
1.93966e-14
1.73673e-14
6.28395e-14
7.41241e-14
32.1262
2.26617e-13
3.43105e-14
8.02364e-14
2.31175e-13
33.7737
1.70119e-13
9.33877e-14
1.071e-13
1.32813e-13
27.0235
5.48808e-14
8.18557e-14
5.71323e-14
1.49689e-13
23.6376
5.32963e-14
1.40746e-13
5.28589e-14
9.10375e-14
21.3031
2.61007e-14
3.5325e-14
2.34686e-14
3.08556e-14
16.4619
1.08421e-13
6.87715e-14
2.06654e-13
4.66057e-14
11.177
2.66343e-14
7.02519e-14
4.97565e-14
1.71598e-13
6.6537
5.77837e-14
4.50713e-14
1.10533e-13
1.29791e-13
3.09416
6.4803e-14
6.24107e-14
3.52955e-14
9.52945e-14
1.47849
1.79216e-13
1.44121e-14
4.12869e-14
9.94447e-14
3.3129
1.57884e-13
7.66573e-14
1.70026e-14
3.52352e-14
5.0143
3.52294e-14
9.3979e-14
2.75771e-13
4.26545e-14
4.81023
1.07284e-13
1.59551e-13
1.62957e-13
1.14186e-13
3.61573
1.01676e-13
1.61237e-13
7.52987e-14
1.03801e-13
3.62697
2.79999e-13
5.18024e-14
4.81142e-14
1.04509e-13
3.06678
1.08703e-13
1.81863e-13
1.47414e-13
9.41304e-14
2.70676
1.699e-13
1.24236e-13
5.09359e-14
1.18697e-13
3.87588
1.39145e-13
2.81131e-13
6.92732e-14
7.29833e-14
4.39416
6.92554e-14
2.65884e-13
1.8806e-13
4.37288e-14
4.57521
1.26293e-14
1.36313e-14
1.72527e-13
1.9128e-13
4.68362
1.29096e-13
8.37195e-14
1.92669e-13
9.69139e-14
4.16286
2.66511e-13
1.43897e-13
1.04867e-13
3.78756e-14
3.51255
3.43593e-13
7.95376e-14
5.89982e-14
2.36949e-13
2.61502
2.68427e-13
4.42457e-13
1.72098e-13
1.04185e-13
1.44194
2.62193e-13
1.5402e-13
2.17694e-13
9.12185e-14
1.03977
1.19524e-13
1.74561e-13
1.433e-13
2.27927e-13
0.688942
6.36499e-14
1.06697e-13
1.65923e-13
1.26263e-13
0.909954
6.30976e-14
2.69698e-13
1.87249e-13
9.14464e-14
1.07814
1.80404e-13
1.24766e-13
2.01938e-13
1.48441e-13
0.754135
2.07835e-13
7.27107e-14
2.79716e-15
4.11624e-13
0.977711
1.93756e-13
1.41097e-13
2.14073e-13
2.67072e-13
1.20829
1.81999e-13
1.27001e-13
5.25327e-14
2.65551e-13
0.991279
1.45157e-13
1.57827e-13
4.5466e-13
1.86585e-13
0.769988
2.64031e-13
2.22174e-13
2.69103e-13
3.26937e-14
0.786952
4.49681e-13
1.04322e-13
2.66775e-13
1.7058e-13
0.785579
1.15546e-13
7.61575e-14
1.49149e-14
4.52669e-13
0.720379
8.39227e-14
1.49514e-13
2.65298e-13
5.44807e-13
0.817631
1.74353e-13
1.62907e-13
2.5552e-13
1.2435e-13
1.04242
1.35144e-13
3.55826e-13
1.55323e-13
1.5653e-13
1.16161
2.1185e-13
8.31737e-14
9.1929e-14
2.13397e-13
1.22948
2.59186e-13
2.42322e-14
2.08107e-13
4.4541e-13
1.29863
8.69346e-14
3.0375e-13
5.46961e-13
2.5271e-13
1.58197
1.192e-13
1.85326e-13
1.15369e-13
1.52824e-13
1.6261
3.41929e-13
1.85832e-13
3.11002e-13
2.53046e-13
1.34429
1.05494e-13
4.24663e-13
1.95145e-13
1.75604e-13
1.07171
2.10361e-13
1.28633e-13
2.42632e-13
2.67682e-13
0.74049
2.58746e-13
9.6918e-14
1.94055e-13
4.24875e-14
0.390843
2.22495e-13
1.01826e-13
9.51718e-14
3.11993e-13
0.242314
2.45542e-13
2.27738e-13
2.06164e-13
4.76154e-13
0.765461
3.99349e-13
1.04009e-13
3.98697e-13
2.15594e-13
1.1031
1.7942e-13
6.1275e-14
1.74465e-13
4.79535e-13
1.3713
5.27673e-14
6.39742e-14
4.43355e-14
1.36214e-13
1.65441
4.5227e-13
2.3661e-14
2.26141e-13
6.01955e-13
1.59249
1.97596e-13
7.08756e-13
4.22453e-13
4.14929e-13
1.21596
4.39163e-13
4.07087e-13
2.79605e-13
1.12312e-13
1.15346
1.71757e-13
1.90128e-13
2.35753e-13
1.28998e-13
0
0
0
0
0
0
0
0
0
0
0
0
0
0
0
0
0
0
0
0
0
0
0
0
0
0
0
0
0
0
0
0
0
0
0
0
0
0
0
0
0
0
0
0
0
0
0
0
0
0
0
0
0
0
0
0
0
0
0
0
0
0
0
0
0
0
0
0
0
0
0
0
0
0
0
0
0
0
0
0
0
0
0
0
0
0
0
0
0
0
0
0
0
0
0
0
0
0
0
0
0
0
0
0
0
0
0
0
0
0
0
0
0
0
0
0
0
0
0
0
0
0
0
0
0
0
0
0
0
0
0
0
0
0
0
0
0
0
0
0
0
0
0
0
0
0
0
0
0
0
0
0
0
0
0
0
0
0
0
0
0
0
0
0
0
0
0
0
0
0
0
0
0
0
0
0
0
0
0
0
0
0
0
0
0
0
0
0
0
0
0
0
0
0
0
0
0
0
0
0
0
0
0
0
0
0
0
0
0
0
0
0
0
0
0
0
0
0
0
0
0
0
0
0
0
0
0
0
0
0
0
0
0
0
0
0
0
0
0
0
0
0
0
0
0
0
0
0
0
0
0
0
0
0
0
0
0
0
0
0
0
0
0
0
0
0
0
0
0
0
0
0
0
0
0
0
0
0
0
0
0
0
0
0
0
0
0
0
0
0
0
0
0
0
0
0
0
0
0
0
0
0
0
0
0
0
0
0
0
0
0
0
0
0
0
0
0
0
0
0
