0
-3.18972e-17
2.36478e-17
-1.14668e-17
-1.62766e-18
0.0291492
-1.77606e-17
1.63986e-18
9.00836e-18
-3.94107e-18
0.03977
-4.75653e-17
-6.27004e-17
-1.4895e-17
2.4112e-17
0.0356255
1.42613e-17
-6.63261e-17
-5.06729e-18
9.59383e-18
0.0176736
3.48422e-17
-1.33042e-16
-1.34854e-16
-2.73158e-17
-0.0995048
-1.1039e-16
9.70022e-17
1.06827e-16
5.35935e-17
0.0540979
-1.09359e-16
-1.53957e-18
-3.19081e-17
-8.51993e-17
-0.0304082
-4.3839e-17
5.4244e-17
-3.01679e-17
-4.53969e-17
-0.0469853
3.85756e-16
8.69259e-17
4.02225e-17
6.4094e-16
0.103129
-5.22339e-16
2.90273e-16
-5.88898e-17
-3.88161e-16
-0.0742202
1.71046e-16
-1.1129e-16
1.73356e-16
2.69047e-16
0.0280756
-9.7547e-17
-3.56843e-16
-1.57583e-16
-4.15114e-17
0.0237223
1.94438e-17
-7.57397e-17
-7.1515e-17
-9.61369e-17
-0.0458488
1.9615e-16
2.13521e-16
-6.08855e-16
5.86906e-17
0.0339803
7.65677e-17
1.33144e-16
-1.12635e-16
-4.21477e-16
-0.0128842
-2.24294e-19
4.88367e-17
3.43614e-16
3.79232e-16
0.00314562
8.43957e-17
1.18476e-17
2.6811e-17
2.54695e-16
-0.00414344
4.26647e-16
-3.61459e-17
-8.05101e-17
2.96083e-16
0.00969144
4.76859e-16
-2.33582e-16
-5.19902e-17
7.14909e-17
-0.00481123
2.98535e-17
-1.86664e-16
5.53024e-17
-1.33166e-16
-0.0054489
1.80603e-16
-2.08462e-16
-4.78975e-16
7.51847e-17
0.00636772
-3.28052e-17
2.86072e-16
2.3328e-16
-3.13527e-16
-0.0103254
-1.97439e-16
3.96439e-17
-1.36665e-16
1.94044e-16
0.00939797
2.35673e-16
4.98957e-16
3.5578e-16
-2.28013e-16
-0.00836527
-5.07125e-16
1.98244e-16
-1.59124e-16
-3.30625e-16
0.010714
-4.27634e-16
-5.54833e-16
2.00809e-16
-4.5507e-17
-0.00585842
-2.14252e-16
6.28639e-16
-2.50739e-16
7.9056e-17
-0.00319581
3.73399e-17
2.39826e-17
-4.98809e-16
-8.28161e-17
0.0115497
-2.0367e-16
3.83936e-17
-5.96311e-16
7.6378e-17
-0.0129907
-7.40972e-16
4.13816e-16
3.17227e-16
9.64005e-17
0.00720492
-5.46424e-16
1.06465e-16
-7.94276e-17
-5.33293e-16
0.000247023
3.17406e-16
4.90981e-16
5.19421e-16
2.75924e-16
-0.00303944
8.17853e-16
4.70548e-16
-5.78175e-16
-2.10881e-16
0.00321019
-3.64486e-16
-3.41802e-16
-2.11416e-16
-7.12085e-16
-2.89788e-05
1.5453e-16
3.30249e-16
-3.46226e-16
-2.20601e-16
-0.0020998
1.68744e-16
4.38204e-16
-5.11129e-16
-2.72722e-16
-0.000869837
-5.21038e-16
2.43655e-16
6.23298e-16
3.77243e-16
0.00172304
2.97925e-16
-1.15196e-16
-3.27836e-18
-1.07171e-15
-0.00301205
-4.87393e-17
1.59302e-16
-1.1827e-16
7.80136e-16
0.00288194
-4.28604e-16
-2.43536e-16
1.36734e-16
8.27122e-16
-0.000450777
-3.54489e-16
3.80543e-16
-1.3696e-15
-5.82713e-16
-0.00109168
-7.11478e-16
5.20391e-16
-9.03357e-17
-2.43566e-17
0.00227171
1.31741e-15
2.62418e-16
8.27363e-16
3.86206e-17
-0.00241333
2.72144e-16
2.36526e-16
3.5397e-17
-1.09134e-15
0.00142549
2.35745e-16
1.11695e-16
-6.67667e-16
1.13238e-16
-3.28233e-05
4.11409e-16
4.68351e-16
7.373e-16
7.03058e-17
-0.00137486
4.17873e-16
4.83854e-16
-1.3043e-17
-2.10492e-16
0.00348081
8.01686e-17
2.59725e-16
-1.79113e-16
2.0459e-16
-0.00322218
-7.96867e-16
6.28736e-17
6.46212e-16
1.29849e-15
0.0022357
-2.19834e-16
-6.43021e-16
-1.60443e-15
-7.82713e-16
0.00037996
2.60705e-16
5.42136e-16
3.13229e-16
3.75646e-16
-0.0043374
-4.96426e-16
-5.49165e-16
7.30601e-16
7.90591e-16
0.00404915
2.97462e-16
-1.28803e-15
4.84785e-16
1.30138e-16
-0.00226265
6.4316e-16
-7.82814e-17
5.43546e-16
-3.73042e-17
-7.44173e-05
5.10476e-17
2.08431e-16
3.84894e-16
7.34886e-17
0.00118486
6.45033e-16
3.13107e-16
-8.13829e-18
-7.9922e-16
0.00050148
1.33217e-16
-3.69129e-16
5.63203e-16
1.00015e-15
-0.0022256
-1.07787e-15
-1.02648e-16
-7.26128e-16
-5.94749e-16
0.00141947
3.98386e-16
1.69508e-16
4.22596e-16
1.13188e-15
0.00153689
-7.04203e-17
1.55652e-16
1.32441e-16
-2.17464e-17
-0.00443062
1.04336e-15
-1.28329e-17
-4.097e-16
1.07024e-15
0.00490314
-4.39347e-16
-1.7346e-15
1.32017e-15
8.16748e-16
-0.00255121
-4.313e-16
1.1221e-15
5.03273e-17
-2.44604e-16
0.00155979
-3.82504e-16
-1.01138e-16
-4.23521e-16
-6.27075e-18
3.13318e-17
-4.69525e-16
-3.63042e-16
-1.4694e-15
1.43154e-15
-0.00155979
6.97757e-16
-4.03155e-16
-1.36754e-15
-5.91519e-16
0.00255121
-1.87881e-15
-1.11678e-15
-2.11325e-17
-5.47814e-16
-0.00490314
1.44518e-15
1.15664e-16
-3.22641e-16
2.18735e-16
0.00443062
2.52294e-16
7.04005e-16
-1.17522e-16
1.93079e-15
-0.00153689
9.08503e-16
-6.88164e-16
-8.1389e-17
6.14819e-16
-0.00141947
6.80508e-16
2.21028e-16
2.16237e-16
6.3309e-16
0.0022256
-1.48603e-15
-3.66366e-16
2.1213e-16
-8.34362e-16
-0.00050148
7.09384e-16
9.97723e-17
7.71301e-17
-5.62491e-16
-0.00118486
-1.5719e-16
-1.12128e-15
-4.19261e-16
-4.71934e-16
7.44173e-05
-5.54664e-16
-5.91477e-16
1.05058e-16
-5.93056e-16
0.00226265
2.81674e-16
6.86768e-16
-8.66534e-16
-2.54124e-15
-0.00404915
1.18298e-15
-5.11998e-16
1.04224e-15
9.97026e-16
0.0043374
-1.01594e-15
1.97473e-16
1.11584e-15
-1.67427e-15
-0.00037996
-3.26798e-16
-2.68882e-18
2.37169e-15
-1.16964e-16
-0.0022357
-1.642e-15
-3.11304e-16
-1.20371e-15
-1.5418e-15
0.00322218
3.87364e-16
-2.04025e-15
-1.12877e-15
-1.48594e-15
-0.00348081
2.30912e-16
8.67442e-16
2.81365e-16
-6.11083e-17
0.00137486
-9.28425e-16
2.25001e-15
-7.91809e-16
-3.85948e-16
3.28233e-05
-8.99865e-16
-3.5661e-16
-1.37308e-15
-3.67153e-16
-0.00142549
8.36757e-16
7.11632e-16
4.62318e-16
1.2625e-15
0.00241333
-3.69848e-16
-1.36232e-15
9.74115e-17
4.9733e-16
-0.00227171
-1.19898e-15
2.50799e-16
8.63235e-17
-3.16452e-17
0.00109168
5.81568e-16
-7.24882e-16
-1.20099e-15
-1.13065e-15
0.000450777
3.0183e-16
3.88264e-16
-3.5938e-16
1.72819e-16
-0.00288194
8.9069e-16
-4.37851e-16
-1.04608e-15
8.67226e-18
0.00301205
-2.39001e-15
1.81045e-15
-2.29264e-15
3.93762e-16
-0.00172304
7.29631e-16
1.17609e-17
2.29513e-16
-2.70844e-16
0.000869837
1.01908e-15
2.0725e-15
-2.15634e-16
4.63605e-16
0.0020998
-7.67032e-17
5.24261e-16
4.34331e-17
1.46391e-15
2.89788e-05
-1.54901e-16
9.26953e-16
-4.52945e-16
-3.76692e-17
-0.00321019
4.36181e-17
1.38382e-15
4.59505e-16
3.02405e-15
0.00303944
-1.23588e-16
-1.19125e-15
-5.85095e-16
-1.31902e-15
-0.000247023
1.05404e-15
-1.39419e-15
2.07441e-15
-3.21002e-16
-0.00720492
2.29581e-16
5.97105e-16
1.32599e-15
6.5491e-16
0.0129907
-1.65518e-15
-3.75831e-16
-5.65075e-16
-4.47826e-16
-0.0115497
8.82745e-16
-5.55275e-16
-1.48165e-15
1.56349e-16
0.00319581
2.45497e-15
8.60317e-16
6.43153e-16
2.00018e-15
0.00585842
-3.51221e-16
8.10322e-16
1.2125e-15
3.55852e-15
-0.010714
4.22771e-17
2.72766e-15
2.2446e-15
-1.67705e-15
0.00836527
-3.53221e-16
-7.37236e-16
3.81332e-16
-1.17432e-15
-0.00939797
-6.85237e-16
5.17652e-16
-1.52316e-15
9.24644e-16
0.0103254
1.93795e-15
1.19529e-16
5.09776e-16
-1.08527e-15
-0.00636772
1.23199e-15
-1.58172e-17
-8.50324e-16
-1.85347e-15
0.0054489
-4.48351e-16
-5.50688e-16
1.94678e-15
-1.60659e-15
0.00481123
2.85158e-15
-4.05988e-16
5.34559e-17
1.72334e-15
-0.00969144
2.34309e-15
-1.25927e-15
1.87316e-15
2.9559e-15
0.00414344
3.22546e-16
1.61089e-15
-8.69102e-16
1.52112e-16
-0.00314562
6.32063e-17
6.86976e-16
1.6937e-15
-1.17385e-15
0.0128842
8.70319e-16
-4.24045e-16
-1.06864e-16
1.74798e-15
-0.0339803
-9.18997e-18
4.24343e-16
2.57197e-15
1.09349e-15
0.0458488
-8.00438e-16
9.57605e-16
-2.92772e-16
-8.68473e-17
-0.0237223
-3.08591e-17
-1.47186e-15
2.00483e-17
-3.81233e-16
-0.0280756
2.81617e-15
1.12912e-15
1.08858e-15
1.04162e-15
0.0742202
-1.34301e-16
-3.11475e-16
-3.53818e-15
-2.32061e-15
-0.103129
3.2959e-15
3.23708e-15
1.99495e-15
-1.14411e-15
0.0469853
7.15066e-16
-6.8149e-16
3.46423e-16
8.43355e-16
0.0304082
-4.86132e-16
3.88887e-16
-1.00502e-15
-3.13686e-15
-0.0540979
-1.31923e-15
-1.00134e-15
4.99577e-15
-2.45973e-15
0.0995048
-1.18518e-15
-2.09335e-15
-1.19173e-15
1.05275e-16
-0.0176736
-2.04838e-16
-2.0616e-15
-7.54285e-16
-3.58397e-15
-0.0356255
1.24465e-16
-4.7171e-16
2.44895e-16
1.32414e-16
-0.03977
4.63816e-16
-1.12312e-15
3.66352e-15
8.83401e-16
-0.0291492
2.61644e-15
4.15145e-15
1.03271e-15
4.18109e-16
