0.051402
0.0482401
0.0535206
0.0503588
0.0556393
0.0524774
0.0577579
0.0545961
0.0598766
0.0923788
0.133323
0.165821
0.206772
0.239271
0.280212
0.312721
0.353662
0.386161
0.353662
0.312721
0.280212
0.239271
0.206772
0.165821
0.133323
0.0923788
0.0598766
0.0549492
0.0584641
0.0535367
0.0570517
0.0521243
0.0556393
0.0507119
0.0542269
0.0492994
0.0528144
0.0478871
0.051402
-0.0488642
-0.140688
-0.240959
-0.022044
0.188421
0.407332
0.617801
0.836712
1.04718
0.788692
0.521761
0.263262
-0.00366615
-0.262158
-0.529089
-0.787578
-0.512139
-0.228258
0.0471808
0.0521389
0.0486546
0.0536128
0.0501285
0.0550866
0.0516023
0.0565604
0.0530762
0.0580343
0.05455
0.0595081
0.0560238
0.060982
0.0574978
0.062456
0.0589718
0.06393
0.0604458
0.065403
0.0619188
0.066877
0.0633928
0.068351
0.0820208
0.104133
0.117802
0.139914
0.153581
0.175692
0.189361
0.211482
0.225151
0.213262
0.192941
0.181062
0.160741
0.14886
0.128537
0.116656
0.0963338
0.084453
0.0641298
0.064961
0.0573498
0.0581817
0.0505706
0.051402
0.0471808
0.051402
0.0471808
0.051402
0.0471808
0.051402
0.0471808
0.051402
0.0471808
0.051402
0.0471808
0.051402
0.0471808
0.051402
0.0471808
0.051402
0.0471808
0.051402
0.0471808
0.051402
0.0471808
0.051402
0.0471808
0.051402
0.0482401
0.0535206
0.0503588
0.0556393
0.0524774
0.0577579
0.0545961
0.0598766
0.0923788
0.133323
0.165821
0.206772
0.239271
0.280212
0.312721
0.353662
0.386161
0.353662
0.312721
0.280212
0.239271
0.206772
0.165821
0.133323
0.0923788
0.0598766
0.0549492
0.0584641
0.0535367
0.0570517
0.0521243
0.0556393
0.0507119
0.0542269
0.0492994
0.0528144
0.0478871
0.051402
-0.0488642
-0.140688
-0.240959
-0.022044
0.188421
0.407332
0.617801
0.836712
1.04718
0.788692
0.521761
0.263262
-0.00366615
-0.262158
-0.529089
-0.787578
-0.512139
-0.228258
0.0471808
0.0521389
0.0486546
0.0536128
0.0501285
0.0550866
0.0516023
0.0565604
0.0530762
0.0580343
0.05455
0.0595081
0.0560238
0.060982
0.0574978
0.062456
0.0589718
0.06393
0.0604458
0.065403
0.0619188
0.066877
0.0633928
0.068351
0.0820208
0.104133
0.117802
0.139914
0.153581
0.175692
0.189361
0.211482
0.225151
0.213262
0.192941
0.181062
0.160741
0.14886
0.128537
0.116656
0.0963338
0.084453
0.0641298
0.064961
0.0573498
0.0581817
0.0505706
0.051402
0.0471808
0.051402
0.0471808
0.051402
0.0471808
0.051402
0.0471808
0.051402
0.0471808
0.051402
0.0471808
0.051402
0.0471808
0.051402
0.0471808
0.051402
0.0471808
0.051402
0.0471808
0.051402
0.0471808
0.051402
0.0471808
0.051402
0.0482401
0.0535206
0.0503588
0.0556393
0.0524774
0.0577579
0.0545961
0.0598766
0.0923788
0.133323
0.165821
0.206772
0.239271
0.280212
0.312721
0.353662
0.386161
0.353662
0.312721
0.280212
0.239271
0.206772
0.165821
0.133323
0.0923788
0.0598766
0.0549492
0.0584641
0.0535367
0.0570517
0.0521243
0.0556393
0.0507119
0.0542269
0.0492994
0.0528144
0.0478871
0.051402
-0.0488642
-0.140688
-0.240959
-0.022044
0.188421
0.407332
0.617801
0.836712
1.04718
0.788692
0.521761
0.263262
-0.00366615
-0.262158
-0.529089
-0.787578
-0.512139
-0.228258
0.0471808
0.0521389
0.0486546
0.0536128
0.0501285
0.0550866
0.0516023
0.0565604
0.0530762
0.0580343
0.05455
0.0595081
0.0560238
0.060982
0.0574978
0.062456
0.0589718
0.06393
0.0604458
0.065403
0.0619188
0.066877
0.0633928
0.068351
0.0820208
0.104133
0.117802
0.139914
0.153581
0.175692
0.189361
0.211482
0.225151
0.213262
0.192941
0.181062
0.160741
0.14886
0.128537
0.116656
0.0963338
0.084453
0.0641298
0.064961
0.0573498
0.0581817
0.0505706
0.051402
0.0471808
0.051402
0.0471808
0.051402
0.0471808
0.051402
0.0471808
0.051402
0.0471808
0.051402
0.0471808
0.051402
0.0471808
0.051402
0.0471808
0.051402
0.0471808
0.051402
0.0471808
0.051402
0.0471808
0.051402
0.0471808
0.051402
0.0482401
0.0535206
0.0503588
0.0556393
0.0524774
0.0577579
0.0545961
0.0598766
0.0923788
0.133323
0.165821
0.206772
0.239271
0.280212
0.312721
0.353662
0.386161
0.353662
0.312721
0.280212
0.239271
0.206772
0.165821
0.133323
0.0923788
0.0598766
0.0549492
0.0584641
0.0535367
0.0570517
0.0521243
0.0556393
0.0507119
0.0542269
0.0492994
0.0528144
0.0478871
0.051402
-0.0488642
-0.140688
-0.240959
-0.022044
0.188421
0.407332
0.617801
0.836712
1.04718
0.788692
0.521761
0.263262
-0.00366615
-0.262158
-0.529089
-0.787578
-0.512139
-0.228258
0.0471808
0.0521389
0.0486546
0.0536128
0.0501285
0.0550866
0.0516023
0.0565604
0.0530762
0.0580343
0.05455
0.0595081
0.0560238
0.060982
0.0574978
0.062456
0.0589718
0.06393
0.0604458
0.065403
0.0619188
0.066877
0.0633928
0.068351
0.0820208
0.104133
0.117802
0.139914
0.153581
0.175692
0.189361
0.211482
0.225151
0.213262
0.192941
0.181062
0.160741
0.14886
0.128537
0.116656
0.0963338
0.084453
0.0641298
0.064961
0.0573498
0.0581817
0.0505706
0.051402
0.0471808
0.051402
0.0471808
0.051402
0.0471808
0.051402
0.0471808
0.051402
0.0471808
0.051402
0.0471808
0.051402
0.0471808
0.051402
0.0471808
0.051402
0.0471808
0.051402
0.0471808
0.051402
0.0471808
0.051402
0.0471808
0.051402
0.0482401
0.0535206
0.0503588
0.0556393
0.0524774
0.0577579
0.0545961
0.0598766
0.0923788
0.133323
0.165821
0.206772
0.239271
0.280212
0.312721
0.353662
0.386161
0.353662
0.312721
0.280212
0.239271
0.206772
0.165821
0.133323
0.0923788
0.0598766
0.0549492
0.0584641
0.0535367
0.0570517
0.0521243
0.0556393
0.0507119
0.0542269
0.0492994
0.0528144
0.0478871
0.051402
-0.0488642
-0.140688
-0.240959
-0.022044
0.188421
0.407332
0.617801
0.836712
1.04718
0.788692
0.521761
0.263262
-0.00366615
-0.262158
-0.529089
-0.787578
-0.512139
-0.228258
0.0471808
0.0521389
0.0486546
0.0536128
0.0501285
0.0550866
0.0516023
0.0565604
0.0530762
0.0580343
0.05455
0.0595081
0.0560238
0.060982
0.0574978
0.062456
0.0589718
0.06393
0.0604458
0.065403
0.0619188
0.066877
0.0633928
0.068351
0.0820208
0.104133
0.117802
0.139914
0.153581
0.175692
0.189361
0.211482
0.225151
0.213262
0.192941
0.181062
0.160741
0.14886
0.128537
0.116656
0.0963338
0.084453
0.0641298
0.064961
0.0573498
0.0581817
0.0505706
0.051402
0.0471808
0.051402
0.0471808
0.051402
0.0471808
0.051402
0.0471808
0.051402
0.0471808
0.051402
0.0471808
0.051402
0.0471808
0.051402
0.0471808
0.051402
0.0471808
0.051402
0.0471808
0.051402
0.0471808
0.051402
0.0471808
